Tabla de Huffman de Segmentos:
Segmento 1:
Símbolo	Código Huffman	Frecuencia
254	000	35283
0	0101	22510
253	0100	22468
255	1111	34640
1	11000	12691
252	10101	12307
2	111011	8364
3	110101	6617
4	001101	5447
5	001000	4460
249	001001	4738
250	101001	6158
251	111001	7478
6	1101111	3462
7	0010100	2532
246	0010110	2604
247	1000111	2992
248	1110001	3679
8	11101000	1896
9	11011100	1721
10	00101110	1322
243	00111001	1380
244	11100001	1832
245	11101010	2098
11	111010011	1068
12	111000001	908
13	110110110	857
14	101100100	775
15	110011100	808
16	110011111	810
17	011000010	704
18	101100111	777
19	110100110	821
20	011100111	728
21	001100000	666
22	101000010	768
23	011011101	723
24	100110000	758
25	001110100	689
26	110110000	824
27	011001101	712
28	101111100	788
29	011010011	717
30	101101000	777
31	100101001	755
32	101101100	778
33	100000011	740
34	110100011	816
35	100000001	739
36	011101000	728
37	100100101	752
38	101111011	786
39	101110111	784
40	011001011	711
41	100100001	750
42	011011000	720
43	011111100	737
44	001110111	695
45	110010001	793
46	011100101	727
47	101000000	766
48	001011110	661
49	011011110	723
50	101110011	781
51	100110100	759
52	001010100	615
53	011001111	715
54	011100011	726
55	011010000	715
56	011101001	728
57	011101100	730
58	100000100	741
59	001100010	680
60	100010111	748
61	001100110	682
62	100010101	747
63	011110010	732
64	101101001	777
65	011000110	709
66	110011010	806
67	100110111	761
68	011111001	735
69	100100110	753
70	011110110	734
71	101101101	778
72	101101110	778
73	001010111	660
74	011011001	720
75	011000111	709
76	001111100	699
77	110110001	828
78	101100000	772
79	100001100	744
80	101110100	782
81	011011010	720
82	011101011	729
83	001100011	680
84	101100010	773
85	011010100	717
86	011111010	735
87	100010001	746
88	100101011	756
89	110010010	794
90	011010111	719
91	101000011	768
92	001100001	675
93	101110010	779
94	101110101	782
95	100101100	756
96	011111111	738
97	011100110	727
98	100110001	758
99	110110111	859
100	100100111	754
101	100001111	745
102	100111111	764
103	011110000	731
104	011100100	726
105	110011101	808
106	001111101	699
107	011000011	705
108	100001000	743
109	001011111	663
110	011110111	734
111	101100101	775
112	001111111	702
113	101100011	774
114	011100010	725
115	100001101	744
116	001111010	697
117	011111101	737
118	100011000	748
119	101101010	777
120	101100001	772
121	011101010	728
122	001111011	698
123	011010001	715
124	100001001	743
125	100100011	751
126	100011001	748
127	110100000	814
128	100010110	747
129	100111000	761
130	110011011	807
131	011101101	730
132	100001010	743
133	001110110	693
134	100100010	750
135	011111000	734
136	110100111	823
137	101111000	785
138	011011111	723
139	001100100	681
140	110010011	794
141	001010110	646
142	100010010	746
143	001110000	686
144	100100000	749
145	011001000	709
146	011001001	709
147	001110001	688
148	001111110	700
149	011101110	730
150	100101101	756
151	110110100	833
152	011001110	714
153	100110010	758
154	110010100	795
155	101000101	769
156	101111001	785
157	110011110	809
158	101111111	790
159	110110010	828
160	011101111	730
161	101101011	777
162	100001110	744
163	011010010	715
164	100011010	748
165	011011011	721
166	100111100	763
167	110011000	803
168	100000111	742
169	100101110	756
170	110010000	791
171	101111010	785
172	100011011	748
173	110100010	815
174	001111000	695
175	011110011	732
176	100010011	746
177	101101111	778
178	110100001	814
179	110010101	795
180	100000101	741
181	011110101	733
182	001100101	681
183	101110000	778
184	100001011	743
185	110111010	860
186	101110001	778
187	110100100	817
188	101000110	769
189	001010101	634
190	100101000	754
191	101111101	788
192	110110101	837
193	011010101	718
194	100101010	755
195	100110110	760
196	100000110	741
197	100111101	763
198	011000101	707
199	001111001	695
200	011000000	702
201	011000100	706
202	011110100	732
203	110011001	803
204	100111001	761
205	001100111	684
206	100111110	763
207	100100100	751
208	101000001	767
209	011011100	722
210	101000111	771
211	100010000	745
212	011100000	723
213	011110001	731
214	100101111	757
215	011111011	735
216	100000000	738
217	110010110	800
218	001110101	692
219	100111010	762
220	100111011	762
221	011111110	737
222	101110110	783
223	100110011	758
224	011010110	718
225	100010100	746
226	011001010	709
227	110110011	830
228	100110101	759
229	100000010	739
230	101100110	775
231	011000001	703
232	011001100	711
233	101000100	768
234	011100001	723
235	101111110	789
236	110111011	878
237	110010111	801
238	110100101	817
239	111010010	953
240	111000000	905
241	111010110	1073
242	111010111	1204

Segmento 2:
Símbolo	Código Huffman	Frecuencia
255	000	36111
0	0010	19084
254	1110	32096
1	01001	10745
251	00110	9240
252	01101	11492
253	11111	17546
2	111100	8357
3	110011	6638
4	010001	5462
5	001110	4867
248	001111	5071
249	101011	6218
250	110110	7559
6	1101110	3724
7	1011111	3195
8	0111001	2897
245	0100000	2552
246	1011101	3180
247	1101111	3852
9	11110110	2103
10	11010000	1666
11	01100011	1433
244	11010101	1742
12	111101110	1176
13	111101001	1017
14	110101111	903
15	110100011	835
16	110010101	829
17	110001111	814
18	101001110	770
19	010110110	708
20	110101000	844
21	100011001	749
22	110001101	808
23	110010110	830
24	101100100	778
25	100000101	740
26	011101110	727
27	100010101	747
28	100000111	742
29	010110111	709
30	110000101	800
31	100011010	749
32	110010001	817
33	100001101	743
34	100000010	739
35	011111101	738
36	100111011	761
37	010100111	695
38	100110011	757
39	010111101	714
40	110010010	820
41	101111011	799
42	101000111	768
43	010101100	699
44	100110111	760
45	010101011	698
46	100101001	754
47	010000100	669
48	011001011	720
49	101001100	769
50	110001110	811
51	101010011	773
52	110000000	799
53	010111001	711
54	010000101	678
55	011110000	728
56	011001111	722
57	011101111	727
58	110100111	842
59	101110010	794
60	010000111	683
61	101101101	788
62	011001001	719
63	100011011	749
64	100001000	742
65	100000011	739
66	101001000	768
67	110001001	803
68	010110010	706
69	100010001	745
70	100001001	742
71	011101000	725
72	100111110	763
73	010111000	710
74	100101010	754
75	100100011	752
76	101001101	769
77	110000001	799
78	010101101	699
79	110001011	806
80	011101101	726
81	010110000	703
82	010111011	712
83	110010100	823
84	100111000	760
85	101100101	778
86	100011110	750
87	110100100	836
88	010100010	688
89	101001001	768
90	110001000	802
91	110010011	820
92	110000111	801
93	010100001	685
94	101010100	773
95	011110001	729
96	101000010	764
97	100011100	749
98	010111110	714
99	011100011	724
100	101000011	764
101	101101110	788
102	010111100	712
103	011110110	733
104	100111001	760
105	010110001	704
106	101100000	777
107	100011111	750
108	011110100	732
109	101110000	791
110	101110011	794
111	100110100	758
112	101101000	780
113	100001010	742
114	100111111	763
115	100111010	760
116	011000001	715
117	100010010	746
118	100100100	752
119	011100000	722
120	011000010	715
121	101111010	797
122	101101010	781
123	110000010	799
124	100100101	753
125	100010111	748
126	011111011	737
127	101100110	778
128	100001110	743
129	110101110	886
130	100100110	753
131	110000011	799
132	101101100	787
133	101000100	766
134	100101011	754
135	011111100	737
136	101000110	767
137	011000101	716
138	101000000	763
139	010101010	697
140	100011101	749
141	101001010	768
142	101001111	770
143	010000110	678
144	100100111	753
145	011001101	721
146	101000101	766
147	100001111	743
148	110001010	804
149	101110001	793
150	101111000	795
151	101010000	770
152	100011000	748
153	110100101	840
154	101001011	768
155	101010110	775
156	011111110	738
157	011110111	734
158	011110010	729
159	011110011	730
160	100001011	742
161	100001100	742
162	101010001	770
163	110010000	815
164	100101101	755
165	011101001	725
166	101010010	772
167	010100000	684
168	011000011	715
169	011111000	735
170	011111001	735
171	100111100	761
172	100101110	755
173	011101010	725
174	100000100	739
175	011111111	738
176	011001110	721
177	100111101	762
178	010101000	695
179	100110110	759
180	100010011	746
181	101100111	778
182	101100001	777
183	100110001	756
184	011101011	725
185	100000000	738
186	100101111	755
187	100110101	758
188	101100010	777
189	011110101	732
190	010111111	714
191	101010111	775
192	100010100	746
193	100010000	743
194	011000100	715
195	110010111	832
196	010111010	711
197	101101111	789
198	100010110	747
199	110101001	850
200	011001010	719
201	010100011	688
202	011001000	718
203	010100100	689
204	101010101	774
205	110100110	841
206	101101011	783
207	011100001	722
208	010100101	689
209	100000110	740
210	011100010	722
211	010110100	707
212	011001100	720
213	010100110	691
214	100101100	754
215	100100001	751
216	011101100	725
217	110000100	799
218	010101110	699
219	101111001	796
220	110001100	806
221	100110000	755
222	100110010	756
223	110000110	800
224	010101111	700
225	010110011	706
226	011111010	735
227	100100000	750
228	010101001	695
229	010110101	707
230	011000000	714
231	100100010	751
232	101000001	763
233	100101000	753
234	101101001	780
235	100000001	738
236	101100011	777
237	110100010	832
238	110101101	879
239	110101100	876
240	111101000	935
241	111101010	1030
242	111101011	1067
243	111101111	1292

Segmento 3:
Símbolo	Código Huffman	Frecuencia
253	0001	19281
254	0110	23123
255	0010	20473
0	11101	15454
1	10110	12472
2	00000	9583
250	00001	9594
251	01111	11696
252	11100	14257
3	111100	7857
4	110000	6358
5	010011	5660
6	001100	4992
247	001110	5128
248	110110	6926
249	111110	8132
7	1111110	4196
8	1101011	3408
9	0100000	2751
245	0011110	2695
246	1101111	3614
10	11111111	2436
11	11110110	2012
12	10001111	1494
13	00110110	1306
240	00110100	1156
241	00110101	1297
242	01000101	1387
243	11011101	1725
244	11110111	2101
14	111111101	1085
15	111111100	1028
16	111101011	997
17	110111000	848
18	111101001	897
19	110011110	814
20	101010111	774
21	110101001	836
22	010111011	722
23	101111000	789
24	100001001	737
25	100001100	738
26	101110111	788
27	010101010	713
28	010110001	716
29	101001001	768
30	100000100	735
31	110010001	803
32	100100011	749
33	100010010	740
34	101000111	767
35	010010000	702
36	011101000	727
37	010010001	703
38	011101011	729
39	100001010	737
40	100010101	743
41	010110010	716
42	100001111	739
43	001111110	673
44	010100011	710
45	110001111	799
46	010101101	715
47	011101001	728
48	110001011	796
49	101010000	770
50	110100000	816
51	100011100	745
52	101111101	791
53	100111101	762
54	101111110	791
55	110011001	810
56	100110101	758
57	011101010	728
58	010111000	721
59	100101010	752
60	010001100	695
61	101010001	771
62	100111111	763
63	010010110	707
64	010101110	715
65	010111111	724
66	010001101	699
67	110100111	822
68	011101111	733
69	010001001	694
70	100111110	762
71	011100101	726
72	100110110	758
73	100100100	749
74	010111100	722
75	100100000	748
76	101111001	789
77	100110100	757
78	010000101	690
79	100111011	761
80	101001100	769
81	110010111	807
82	101011010	776
83	010000100	687
84	010010100	705
85	110001000	792
86	011101101	731
87	001111111	683
88	100111001	759
89	100011001	744
90	110010000	802
91	011100110	726
92	101111100	790
93	010010010	703
94	110011010	811
95	100010110	743
96	101110101	785
97	001101111	668
98	100011101	747
99	100000111	736
100	100100001	748
101	110001101	797
102	100111010	760
103	100010111	743
104	010100100	710
105	100011010	744
106	101110110	785
107	100110111	758
108	110010100	804
109	100000000	733
110	110001110	798
111	100100101	749
112	010001110	700
113	100101000	751
114	101001101	769
115	101001010	768
116	010100101	710
117	101000000	763
118	100111000	758
119	100101011	752
120	010110011	716
121	001101110	664
122	010111101	722
123	101010011	772
124	100001000	736
125	101000100	766
126	100101100	753
127	010010011	704
128	100000101	735
129	101011101	777
130	101110011	784
131	110101000	826
132	010101000	712
133	100100110	749
134	100010100	742
135	011100000	724
136	010010101	705
137	100101101	753
138	011100111	726
139	100111100	761
140	011100001	724
141	110010010	803
142	010111001	721
143	010100001	709
144	101011111	778
145	101000011	765
146	110010101	804
147	010101011	713
148	010111110	723
149	100101111	755
150	110101010	839
151	100000001	733
152	010100110	710
153	100100111	750
154	100110010	756
155	010000110	690
156	010101111	715
157	100110000	755
158	110001100	796
159	010100111	710
160	110011111	815
161	001111100	671
162	100101110	754
163	101110000	778
164	110001001	792
165	101110010	780
166	101011011	776
167	110011000	809
168	010100010	709
169	100000010	734
170	110001010	795
171	101110001	779
172	010110100	716
173	010010111	707
174	100001011	737
175	101111010	789
176	100011000	743
177	101000001	764
178	011100010	724
179	101010100	772
180	010101100	714
181	100000110	735
182	101000101	766
183	010110110	720
184	110100001	816
185	101010010	771
186	010110111	720
187	011100100	725
188	101001000	767
189	100001101	738
190	010001111	701
191	110011101	812
192	101011100	776
193	101011001	775
194	100010011	740
195	010110000	715
196	010110101	718
197	100010000	739
198	101000010	764
199	100010001	739
200	101111111	791
201	001111101	672
202	010101001	712
203	101011110	777
204	100100010	748
205	100110001	755
206	110011011	811
207	110100101	819
208	100001110	738
209	100101001	751
210	101000110	766
211	010001000	693
212	101010101	772
213	011101100	729
214	011101110	731
215	101001110	769
216	100011011	744
217	010100000	707
218	110101011	847
219	110011100	811
220	100110011	756
221	110100110	819
222	011100011	724
223	110100100	818
224	101010110	772
225	100000011	734
226	010000111	692
227	101110100	784
228	110100010	816
229	101001111	769
230	101001011	768
231	010111010	721
232	110111001	855
233	101011000	774
234	110010110	804
235	101111011	789
236	110100011	816
237	110010011	803
238	111101010	959
239	111101000	895

Segmento 4:
Símbolo	Código Huffman	Frecuencia
0	0001	18998
253	0011	20197
254	1110	29709
255	1101	29668
1	10011	12390
2	00001	9360
251	00101	9813
252	11000	13131
3	111110	7448
4	010111	5747
5	001000	4813
248	000001	4494
249	010001	5472
250	111100	7057
6	1111110	3837
7	1001001	3058
8	0000001	2299
245	0010011	2481
246	1010100	3120
247	1111010	3654
9	11111111	2068
10	11001100	1680
11	10111110	1624
12	01011011	1436
13	00100101	1217
238	00000000	1061
239	00000001	1095
240	00100100	1186
241	01000000	1276
242	10001100	1516
243	11001111	1811
244	11111110	1996
14	111101111	967
15	111101100	898
16	110011101	868
17	110011011	862
18	110010100	819
19	101100111	795
20	101000111	777
21	101011100	786
22	110011010	857
23	101110111	808
24	100101111	771
25	011110111	745
26	101111010	810
27	100000100	750
28	101000010	776
29	010101000	709
30	011110000	743
31	010101011	711
32	010011000	697
33	011111000	745
34	011111010	746
35	100001100	755
36	101110010	804
37	011110011	744
38	011110100	744
39	100000110	751
40	100001010	753
41	101000011	776
42	011100111	739
43	101101100	799
44	011011001	736
45	011010010	732
46	011101110	742
47	010101100	712
48	010011110	703
49	011111100	748
50	010010001	688
51	101101000	795
52	110010101	820
53	010110101	718
54	010010011	692
55	010000011	676
56	010010010	688
57	011111101	748
58	010000110	682
59	100000001	749
60	011111011	746
61	101111111	815
62	011101011	740
63	101011101	786
64	101111110	814
65	011111001	745
66	101110000	802
67	110010011	818
68	010101001	709
69	011001011	726
70	011000011	721
71	011000000	718
72	101011001	785
73	110010111	832
74	101100011	789
75	010011010	698
76	010100110	708
77	110010000	816
78	100011101	762
79	100011011	759
80	011100000	737
81	100000010	749
82	010101101	712
83	011000001	719
84	101111000	808
85	100001110	756
86	100010010	757
87	011100011	738
88	101101101	799
89	101100100	792
90	101011111	788
91	011011010	736
92	011000100	721
93	011010111	735
94	110010110	820
95	110010001	816
96	101000100	776
97	011100001	737
98	101011000	784
99	011010000	731
100	010110100	717
101	011110001	743
102	100000101	750
103	101010101	782
104	010011111	703
105	011110010	743
106	011000111	722
107	011100100	738
108	011111110	748
109	011010101	734
110	010011011	700
111	011011011	736
112	101100000	788
113	011111111	748
114	101010110	782
115	010010000	686
116	011100010	737
117	100001011	753
118	100101011	767
119	100100001	764
120	011101000	739
121	101010111	782
122	101110100	806
123	101001111	781
124	010000101	679
125	100100010	764
126	010011101	702
127	100000111	751
128	011001100	726
129	101000101	776
130	010101110	712
131	100010011	757
132	011100101	738
133	101101001	795
134	100101110	770
135	011010110	734
136	100010110	758
137	100010100	757
138	010100000	703
139	010101111	712
140	010100010	704
141	011001010	725
142	100000011	749
143	011000101	721
144	101101010	797
145	010010100	692
146	011001110	729
147	100010101	757
148	101111011	813
149	100001111	756
150	101001010	779
151	011011100	736
152	010110010	713
153	011011101	736
154	100101000	766
155	101101111	800
156	011001111	729
157	011011000	735
158	011010011	733
159	010110011	716
160	100101101	768
161	010000100	677
162	101010100	781
163	010000010	649
164	010010110	695
165	101000000	773
166	011010100	733
167	100011110	762
168	011101001	739
169	011101010	739
170	010000111	684
171	011101111	742
172	100101001	766
173	101110101	806
174	101100101	794
175	100010000	756
176	101000110	776
177	101001011	779
178	010110000	712
179	100001000	751
180	011001000	722
181	100100011	764
182	011011110	736
183	010010111	696
184	101101110	799
185	101001001	778
186	100101100	767
187	101001000	777
188	010100011	704
189	100001001	752
190	011100110	738
191	100010111	758
192	101111001	809
193	011001101	728
194	110010010	816
195	010101010	710
196	011101100	740
197	100101010	766
198	101011010	785
199	101100110	794
200	010110001	712
201	010100111	708
202	010011100	700
203	100001101	755
204	011110101	744
205	011000110	721
206	011110110	744
207	011010001	731
208	011001001	723
209	101110011	805
210	101011110	787
211	101011011	785
212	100011111	762
213	100100000	762
214	100011100	759
215	100011010	758
216	011101101	741
217	010100001	703
218	101001101	780
219	011011111	736
220	011000010	720
221	010010101	694
222	010100100	704
223	101001100	779
224	101001110	780
225	101101011	797
226	101100001	788
227	101000001	775
228	101110001	802
229	100010001	756
230	100000000	748
231	010011001	697
232	010100101	704
233	101100010	788
234	101110110	807
235	110011100	863
236	111101110	926
237	111101101	920

Segmento 5:
Símbolo	Código Huffman	Frecuencia
254	0011	20510
255	0010	19869
0	11011	14972
1	01010	11138
2	00001	9379
250	00011	10149
251	11000	12689
252	11101	15180
253	11111	17298
3	111100	7822
4	110101	7048
5	011100	5831
6	000101	4876
7	000000	4029
247	010000	5070
248	101011	6214
249	111101	8000
8	1110001	3641
9	1000010	2968
10	0100010	2534
11	0000011	2162
243	0000010	2144
244	0100100	2672
245	1010011	3093
246	1110010	3856
12	11010010	1724
13	10011100	1530
14	01001010	1333
15	00010011	1241
16	00010001	1199
239	00010000	1139
240	01000111	1332
241	10001111	1508
242	11100001	1803
17	111001111	1046
18	111001101	967
19	110011110	830
20	110100000	836
21	111000000	891
22	101000000	768
23	101111110	801
24	010110001	700
25	011111001	737
26	100101010	760
27	101010010	774
28	100011001	752
29	110011010	822
30	110011000	818
31	110100011	850
32	011001000	716
33	011000001	713
34	101101101	785
35	010111010	709
36	100010010	750
37	011111101	738
38	100010011	750
39	101010011	774
40	101101001	782
41	010011010	687
42	100111110	767
43	010111110	712
44	100001101	744
45	101111000	794
46	110010100	805
47	100111010	766
48	101100011	778
49	011010010	723
50	010110011	704
51	011110101	736
52	110011111	831
53	101101111	787
54	110010000	802
55	010110100	704
56	010011101	692
57	100101011	760
58	100101100	760
59	011101011	729
60	100001111	747
61	100110001	762
62	010011110	695
63	101001001	772
64	101010100	774
65	011110110	736
66	010111011	709
67	011101110	730
68	110010110	809
69	101100000	777
70	011001100	720
71	011110010	735
72	100101110	761
73	100000110	741
74	101110000	787
75	011010110	725
76	101100001	777
77	100000000	739
78	011010111	725
79	101100100	779
80	011101000	728
81	100100000	755
82	100000001	739
83	100011011	753
84	101000001	769
85	100100100	757
86	101111111	801
87	011011000	725
88	010111111	712
89	110100001	840
90	101101000	781
91	100111011	766
92	100101111	761
93	011001110	721
94	100000010	739
95	011110111	736
96	101101010	782
97	101000010	769
98	100111100	766
99	011001001	717
100	011101100	729
101	110100010	843
102	110010011	804
103	101101011	782
104	100001100	743
105	100110011	763
106	101010110	776
107	011110001	734
108	101000110	771
109	011111000	736
110	000100100	612
111	010111000	708
112	011000010	713
113	110011101	826
114	011011100	727
115	110010111	809
116	100110010	762
117	101010111	776
118	011111010	737
119	100100101	757
120	011101101	729
121	010001101	650
122	100010100	750
123	100110111	764
124	011000101	715
125	100011100	753
126	110011011	825
127	011001010	718
128	010110010	700
129	100100110	757
130	101111101	800
131	011000000	712
132	011011101	727
133	100101101	760
134	101010000	773
135	101000111	771
136	101110010	788
137	011011010	726
138	110100110	860
139	100010101	750
140	100011101	754
141	100010110	750
142	010111101	710
143	100000111	742
144	011010000	722
145	011000100	714
146	100100011	756
147	110011001	818
148	110010101	805
149	101001000	771
150	011011011	726
151	010001100	639
152	101100010	777
153	011011110	727
154	011010001	722
155	100111111	767
156	010011111	696
157	010011001	677
158	011110011	735
159	010110110	707
160	010010110	670
161	100101001	759
162	100111101	766
163	101101110	785
164	101001010	772
165	011001101	720
166	100000011	739
167	010011000	674
168	011010100	724
169	011111110	738
170	101110101	790
171	100110100	763
172	101010001	773
173	100100001	755
174	010010111	673
175	101111010	795
176	011010011	723
177	101001011	772
178	100000100	739
179	011000110	715
180	100100111	758
181	101111001	794
182	100011010	752
183	101110110	790
184	100000101	740
185	010110101	704
186	011101001	728
187	010111100	709
188	011001011	718
189	101010101	775
190	101110111	790
191	110010001	802
192	101110001	787
193	000100101	626
194	011111111	738
195	100010111	751
196	101111011	796
197	011110000	733
198	100110101	763
199	101000011	769
200	011111011	737
201	011001111	721
202	010111001	708
203	100100010	755
204	011110100	735
205	100010001	748
206	011011111	727
207	101110011	788
208	101111100	799
209	101110100	789
210	011000011	713
211	010110111	707
212	011101111	732
213	011111100	737
214	101000100	770
215	011000111	715
216	110010010	803
217	100110000	761
218	101100101	779
219	010011011	688
220	010110000	696
221	100001110	746
222	010011100	691
223	101100110	780
224	100010000	747
225	100110110	763
226	011011001	725
227	100011000	751
228	100101000	758
229	101100111	780
230	011010101	724
231	011101010	728
232	101101100	782
233	101000101	770
234	111001100	915
235	110011100	825
236	110100111	864
237	111000001	905
238	111001110	999

Segmento 6:
Símbolo	Código Huffman	Frecuencia
0	0000	18564
253	0001	19079
254	1101	28426
255	1110	28542
1	10101	12649
2	00101	9647
251	00110	9788
252	11000	13479
3	111101	7267
4	011011	5880
5	001000	4738
248	001110	4906
249	010010	5574
250	110011	7052
6	1111100	3883
7	1001011	3091
8	0011110	2614
9	0010010	2297
245	0100000	2651
246	1100100	3317
247	1111101	4024
10	11111100	1941
11	11001011	1727
12	01110001	1474
13	00100110	1204
240	00111110	1291
241	01000100	1370
242	10001110	1526
243	11110001	1751
244	11111110	2169
14	111111111	1184
15	111111011	1101
16	111100111	969
17	111100110	947
18	101110011	813
19	101110111	818
20	100001011	752
21	100110100	774
22	001111110	661
23	010110000	715
24	010101000	709
25	100000111	751
26	011111000	745
27	010111100	723
28	011110011	743
29	100111111	779
30	101000000	779
31	011110101	744
32	100011110	763
33	010110100	720
34	011101110	741
35	100110110	775
36	010100100	706
37	011110000	742
38	010100110	708
39	010001011	691
40	101101000	805
41	100001111	757
42	101111011	820
43	100101000	771
44	011100101	738
45	101100010	799
46	101111000	819
47	101001100	789
48	100011001	762
49	100010101	760
50	100011010	762
51	100110000	772
52	100000011	749
53	100101001	771
54	011111101	746
55	100010000	757
56	011010101	736
57	011111110	747
58	011101010	740
59	011111001	745
60	011010110	736
61	011010001	733
62	101110100	813
63	010000110	678
64	100100011	767
65	011001101	730
66	100111001	777
67	010111111	724
68	010100001	704
69	010011111	703
70	010001010	685
71	100001100	753
72	101101101	810
73	011110100	743
74	101111001	819
75	101001110	791
76	010011100	699
77	011110110	744
78	010110101	720
79	011001000	728
80	101001111	793
81	101111100	822
82	011100100	737
83	011001001	728
84	100110001	773
85	010101101	712
86	011111111	747
87	010011000	697
88	010100000	703
89	100000001	748
90	100010111	761
91	101101011	809
92	010000111	684
93	101101111	811
94	101100101	802
95	101111110	825
96	010001100	691
97	100011000	761
98	100110111	776
99	100000010	748
100	010101100	711
101	101110000	811
102	010110011	717
103	100001000	751
104	110010101	833
105	011000000	724
106	110010100	832
107	100110010	773
108	001001111	655
109	101000011	782
110	100101010	771
111	100111101	778
112	100100000	766
113	100010001	757
114	010011101	702
115	010111010	722
116	100000100	749
117	010111011	722
118	101001000	788
119	011001110	730
120	100000101	750
121	011010111	736
122	011000110	726
123	101100000	795
124	010101001	710
125	100011111	764
126	011101011	740
127	101101100	809
128	010111101	723
129	100111010	777
130	101000010	780
131	011110001	742
132	011110010	742
133	011001011	729
134	010110110	720
135	001001110	632
136	101100011	799
137	010100111	708
138	101111010	819
139	101100001	795
140	100111011	777
141	010111110	723
142	011100110	738
143	100010100	758
144	011110111	744
145	011100000	736
146	010100010	704
147	001111111	663
148	010011110	702
149	100100111	770
150	101001001	788
151	100111000	776
152	100000110	750
153	010101010	710
154	011000010	725
155	101000100	784
156	010110111	721
157	100011011	762
158	100100100	768
159	100111110	778
160	011001010	728
161	101111101	824
162	011101001	739
163	011100001	736
164	010101111	714
165	100010010	757
166	010000100	675
167	011000011	725
168	101000110	785
169	100101011	771
170	011010010	733
171	010110001	715
172	010101011	710
173	011001100	729
174	100001110	755
175	100001001	751
176	010110010	715
177	011111010	745
178	101111111	830
179	011001111	730
180	010011010	698
181	100100101	768
182	100110011	773
183	100001101	754
184	011100111	738
185	011111011	745
186	011101100	740
187	100100110	768
188	101000001	779
189	011111100	745
190	101000101	784
191	100110101	774
192	101100100	801
193	011000100	725
194	010100101	707
195	101000111	785
196	101001010	788
197	101001101	789
198	100001010	751
199	101100110	803
200	010111000	721
201	100111100	777
202	101101001	807
203	011101000	738
204	011000001	724
205	101100111	804
206	011010100	735
207	101101110	810
208	100100001	766
209	010000101	677
210	011010011	733
211	010011001	697
212	011000101	725
213	100010110	760
214	010101110	713
215	100010011	757
216	100000000	747
217	101110001	812
218	010100011	704
219	011101111	741
220	011101101	740
221	010111001	721
222	011010000	730
223	010001111	695
224	100100010	766
225	010011011	698
226	111100000	848
227	101110101	814
228	101101010	807
229	011000111	726
230	010001110	694
231	010001101	692
232	101110010	812
233	101110110	815
234	101001011	788
235	111100001	884
236	111100101	926
237	111100100	911
238	111111010	1045
239	111111110	1107

Segmento 7:
Símbolo	Código Huffman	Frecuencia
0	0000	17964
253	0010	20121
254	0111	23754
255	0100	22268
1	11011	13594
2	00111	10970
251	11000	12744
252	11110	16270
3	111011	8355
4	111001	6887
5	100111	6085
6	000110	5165
248	000100	4386
249	011010	5811
250	111111	8601
7	1111100	4194
8	0011000	2704
245	0001011	2516
246	0101001	2785
247	1110000	3392
9	11101010	1847
10	10010001	1503
11	00010101	1167
240	00010100	1159
241	00110101	1375
242	11101000	1725
243	11101011	1901
244	11111011	2149
12	111110101	1148
13	111010011	948
14	111000111	859
15	111010010	869
16	101001011	767
17	010110000	703
18	110010100	797
19	010101111	702
20	100110111	760
21	101100111	780
22	100001000	740
23	101111010	788
24	100000011	736
25	100010101	747
26	011011110	733
27	010110011	705
28	011001100	725
29	100110001	759
30	101010100	770
31	101011001	772
32	100001111	743
33	011011010	729
34	110010101	797
35	100101001	755
36	101101110	785
37	010111100	711
38	011011100	732
39	101011111	775
40	011000010	718
41	000111000	636
42	100000100	736
43	100000110	738
44	101001100	768
45	110101111	841
46	110011101	803
47	101100000	775
48	110011011	802
49	000111001	664
50	101000100	762
51	101011000	771
52	100101101	757
53	101111110	791
54	010110110	707
55	101010000	769
56	101010101	770
57	100101010	756
58	101111001	787
59	101101111	785
60	100110010	759
61	101000000	760
62	100001001	740
63	100010011	745
64	110101100	836
65	001100110	683
66	011011011	730
67	101110000	785
68	000111011	665
69	101000111	765
70	101100010	777
71	110101000	826
72	100100101	752
73	000111100	670
74	011001111	727
75	011000011	718
76	100010100	745
77	101110001	785
78	101110010	785
79	110100100	814
80	100011101	750
81	100101000	754
82	110101110	840
83	101011110	774
84	011011111	733
85	101101000	780
86	000111110	673
87	101110011	785
88	101101010	781
89	101011011	773
90	100000101	736
91	011011101	732
92	100000000	733
93	010111110	716
94	010110111	707
95	100000010	735
96	010110001	704
97	100010111	748
98	101111111	791
99	100001010	740
100	101110100	785
101	011011001	728
102	010100000	692
103	100011111	751
104	100101011	756
105	101001101	768
106	110011100	802
107	100010110	747
108	010110100	706
109	100110011	759
110	010111010	709
111	100101110	757
112	101100011	777
113	101101100	784
114	110101011	833
115	010100001	693
116	101110101	785
117	110100000	808
118	010101110	701
119	100001011	741
120	101111100	790
121	101101101	784
122	001101001	687
123	100101100	756
124	100100000	751
125	010111111	716
126	001101100	688
127	101010001	769
128	000111010	664
129	101001010	766
130	101000110	764
131	101011100	773
132	011001001	724
133	011011000	727
134	100011000	748
135	011000101	721
136	101000001	760
137	110101001	830
138	101100001	776
139	101001000	765
140	011000110	722
141	010111001	708
142	101111011	788
143	110010111	798
144	101011101	773
145	110011111	805
146	001100111	683
147	101010010	769
148	110100001	810
149	001100101	681
150	110100110	821
151	101001110	768
152	010111101	713
153	001101111	691
154	011000000	716
155	100100111	753
156	111000100	841
157	100110100	759
158	101101011	782
159	101000011	761
160	100010010	744
161	110100011	813
162	000111111	678
163	110100010	811
164	101100101	778
165	100101111	758
166	010101010	699
167	011001101	725
168	010111011	710
169	011001110	726
170	110010110	797
171	110010000	792
172	001101101	690
173	110010001	794
174	001101110	690
175	010101000	697
176	100011001	748
177	100100001	751
178	100010000	743
179	101011010	772
180	101001001	765
181	100011011	749
182	000111101	672
183	101010110	770
184	011001010	724
185	011000001	716
186	100011010	748
187	101110110	785
188	110011110	804
189	110011001	800
190	100010001	743
191	010111000	707
192	101000010	760
193	101000101	763
194	100110000	758
195	110100111	821
196	101101001	780
197	001101000	684
198	111000110	853
199	110010010	795
200	100110101	759
201	010101001	698
202	100011100	749
203	101110111	785
204	011000100	720
205	010101011	699
206	100100100	751
207	100001100	741
208	100001101	741
209	100000001	733
210	100001110	742
211	001100100	679
212	111000101	843
213	110010011	796
214	101111101	790
215	100110110	759
216	010101100	700
217	101010011	769
218	011001000	723
219	100000111	739
220	010110101	706
221	110011000	798
222	010101101	700
223	010100010	695
224	010100011	695
225	101100110	779
226	110011010	801
227	100100110	752
228	101001111	768
229	101010111	770
230	110101010	831
231	010110010	704
232	011001011	724
233	100011110	750
234	101100100	777
235	011000111	722
236	110100101	817
237	101111000	785
238	110101101	837
239	111110100	962

Segmento 8:
Símbolo	Código Huffman	Frecuencia
0	0000	17815
254	0111	23915
255	1000	24081
1	11001	12930
2	00011	9488
251	00101	9855
252	10101	12249
253	11111	16989
3	111010	7633
4	110000	6352
5	001001	5102
247	001000	4750
248	001110	5478
249	110101	6559
250	111100	8164
6	1110111	4059
7	1101111	3389
8	0110101	2977
9	0011000	2540
10	0001011	2401
243	0001010	2320
244	0100111	2868
245	1110010	3517
246	1111011	4107
11	11110100	2004
12	11100111	1861
13	11100011	1765
14	01100101	1482
15	00010011	1197
16	00010000	1042
18	00010010	1080
238	00010001	1067
239	00110010	1249
240	01011010	1468
241	11100010	1746
242	11110101	2058
17	111011011	998
19	111011010	956
20	111001101	909
21	111001100	873
22	110111010	840
23	100101011	753
24	101110100	784
25	010100100	721
26	010010011	715
27	011011110	748
28	101110101	784
29	011000011	739
30	110110101	829
31	101000100	764
32	111000000	848
33	011000100	739
34	001101111	682
35	010110111	735
36	100111110	762
37	010111000	735
38	101110010	781
39	010111110	738
40	101100101	773
41	110110100	823
42	101000001	763
43	010000010	699
44	001101100	677
45	100111001	758
46	010010010	714
47	001100110	657
48	010010111	716
49	010110001	732
50	001111011	690
51	110110110	829
52	001111101	694
53	010110010	733
54	010100101	721
55	110100110	812
56	110001100	798
57	100111011	760
58	101001000	766
59	010001001	708
60	101101100	776
61	101111111	793
62	101100010	771
63	001100111	666
64	110100101	811
65	010100011	720
66	010100001	719
67	101001011	767
68	101001101	768
69	010010100	715
70	010101011	728
71	011010000	743
72	101001110	768
73	101111100	788
74	100100010	749
75	110100011	806
76	101110110	785
77	101001111	769
78	100100011	749
79	110001111	801
80	010001000	707
81	110100111	815
82	110001001	795
83	010101110	730
84	001101101	680
85	101100110	773
86	011001100	741
87	100110011	755
88	111000001	863
89	010001010	708
90	011000110	740
91	100100111	752
92	101110111	785
93	101101101	776
94	010100010	719
95	010001011	709
96	010101001	725
97	011001101	741
98	101110000	778
99	011000111	740
100	110001000	793
101	101001100	767
102	010111001	737
103	010011000	717
104	100110100	755
105	101111001	786
106	001101001	670
107	010110011	734
108	100110110	757
109	100101100	753
110	011011000	745
111	101000111	765
112	100100101	750
113	010000011	701
114	100101101	753
115	010101100	729
116	110110011	822
117	101101001	775
118	110001010	795
119	110100001	802
120	010111010	737
121	010111011	737
122	010001111	712
123	001111110	694
124	110111011	841
125	011011100	746
126	100110000	754
127	010111111	738
128	011000000	738
129	100101000	752
130	101000101	764
131	010100110	722
132	010010000	712
133	011000101	739
134	100101110	753
135	010000110	706
136	101100000	769
137	011010011	744
138	010001100	710
139	010101101	729
140	011011111	748
141	011000001	738
142	010101010	725
143	101001001	766
144	100111100	760
145	110110111	830
146	011011001	745
147	101100011	772
148	010111100	737
149	100110111	757
150	010011001	717
151	110001011	797
152	010110000	731
153	001101010	674
154	010001110	711
155	111000010	863
156	110100010	804
157	101101010	775
158	010011010	717
159	101111011	787
160	011001000	740
161	110110010	818
162	100111111	762
163	011001110	742
164	100111010	759
165	100110101	755
166	101111101	788
167	100101111	753
168	101100001	770
169	101100111	773
170	001111111	695
171	010100111	724
172	101101111	777
173	010111101	737
174	100101001	752
175	101000010	763
176	010000000	697
177	100110001	754
178	101111110	791
179	100111000	757
180	010000001	697
181	100111101	760
182	011001111	742
183	001101000	667
184	001111100	690
185	011010001	743
186	101111010	786
187	001111001	688
188	101100100	772
189	001111000	686
190	010000111	706
191	110111001	839
192	101101011	775
193	001111010	689
194	001101011	676
195	011011101	747
196	010101111	730
197	011011010	745
198	011011011	745
199	010001101	710
200	101110001	779
201	011000010	738
202	100100100	749
203	110100000	801
204	101111000	785
205	011001001	740
206	010101000	724
207	100100000	748
208	010011011	717
209	010100000	717
210	010010001	713
211	011010010	743
212	010010101	715
213	100101010	752
214	010110110	734
215	101001010	766
216	100100110	750
217	101000011	763
218	110001101	798
219	010000100	701
220	110001110	799
221	101000000	762
222	101101000	773
223	001101110	681
224	100100001	748
225	101101110	776
226	010010110	715
227	010000101	702
228	101000110	764
229	101110011	782
230	110111000	833
231	110100100	807
232	100110010	754
233	110110001	816
234	110110000	815
235	111000011	866
236	111011000	932
237	111011001	948

Segmento 9:
Símbolo	Código Huffman	Frecuencia
0	11101	14197
1	11001	13386
2	01101	11901
3	00101	10125
4	00000	8545
251	00011	9646
252	00111	10961
253	10011	12415
254	10111	12945
255	11011	13919
5	111001	7263
6	110100	6604
7	010011	5631
8	000100	4472
245	000011	4366
246	001001	4874
247	011110	5981
248	111000	6891
249	111101	7698
250	111111	8530
9	1111001	3729
10	1001001	3082
11	0001011	2398
240	0000101	2220
241	0010001	2432
242	0011000	2629
243	1010011	3115
244	1111000	3542
12	11111010	2005
13	11010101	1694
14	01000111	1402
15	00100001	1255
16	00010101	1161
18	00001001	1070
234	00001000	1039
235	00100000	1161
236	00010100	1151
237	01000100	1395
238	10010111	1547
239	11111001	1970
17	111110111	1031
19	111110110	1003
20	110101111	861
21	110101100	859
22	101101101	806
23	110000001	811
24	110101101	860
25	011100001	743
26	100000011	753
27	101011101	790
28	100010001	762
29	010110010	725
30	011111111	752
31	100000000	752
32	011111001	750
33	100000110	754
34	010100010	711
35	001101011	681
36	011100010	743
37	101010011	781
38	011000011	737
39	011101110	747
40	010010101	705
41	100001111	761
42	011111010	750
43	010110011	725
44	011000001	736
45	101010001	780
46	110000110	816
47	110001100	825
48	011100100	745
49	010100111	716
50	101001010	779
51	101000011	777
52	010101100	720
53	100000100	753
54	100100011	771
55	111110000	862
56	110101000	836
57	101000100	777
58	101001011	779
59	010000000	688
60	011100101	745
61	011111011	751
62	101101001	804
63	010000011	693
64	100101010	772
65	110000111	817
66	010010110	705
67	001101000	677
68	110000010	813
69	011000010	736
70	100101000	771
71	011001010	740
72	010110001	724
73	010001011	700
74	100010010	762
75	011111100	751
76	010100011	711
77	010111100	733
78	100010011	762
79	100100000	769
80	100000001	752
81	011001000	739
82	011101111	747
83	001101001	678
84	101010110	784
85	010100001	709
86	010101101	720
87	100100001	770
88	010111101	734
89	101100011	795
90	101000101	778
91	101010010	780
92	101000110	778
93	011101000	746
94	101011010	788
95	010111110	734
96	011001011	741
97	101010111	784
98	001101111	687
99	011101001	746
100	100001100	759
101	101010000	779
102	100000111	754
103	010101010	719
104	100011001	765
105	101011100	789
106	110000100	814
107	100010100	762
108	010010001	702
109	101101011	805
110	010111111	735
111	010010000	701
112	001100101	658
113	010100000	708
114	101100010	793
115	001101101	684
116	001101100	682
117	100000101	753
118	010001010	698
119	011001100	741
120	010010111	705
121	100010000	761
122	100010110	764
123	100101011	772
124	010001100	700
125	101011110	790
126	001100110	665
127	101011001	787
128	011001110	742
129	010001101	700
130	010000110	695
131	011001001	739
132	101101000	803
133	100001000	758
134	110001101	827
135	011100011	744
136	010100110	715
137	010111010	731
138	101000000	774
139	100001101	760
140	001100111	669
141	011000101	738
142	100001001	758
143	100010111	764
144	010000111	696
145	011000110	738
146	011111101	751
147	011111110	751
148	010110110	726
149	010101011	719
150	010101000	716
151	010000001	688
152	101010100	781
153	110001010	820
154	101010101	781
155	101000001	776
156	011001111	742
157	100011110	768
158	110001000	817
159	011000111	738
160	110101001	837
161	011101010	746
162	010100101	713
163	100011000	764
164	100011010	766
165	001101110	685
166	011100110	745
167	010000010	692
168	101101010	804
169	010000101	694
170	010110100	725
171	010010011	704
172	101100110	799
173	100101001	771
174	100101100	773
175	010000100	693
176	101000111	778
177	101011000	784
178	010110101	725
179	010111001	729
180	100101101	773
181	011101011	746
182	110000101	814
183	101011111	790
184	100000010	752
185	110001001	817
186	011001101	741
187	100011011	766
188	100011100	766
189	101001000	778
190	011101100	746
191	010010010	703
192	010111011	732
193	011000000	735
194	010101001	716
195	010101111	723
196	110000011	813
197	010110000	723
198	011111000	747
199	100001010	758
200	100001011	758
201	100010101	762
202	100100010	770
203	001101010	680
204	110000000	809
205	110001111	832
206	001100100	654
207	010100100	712
208	101100101	798
209	010010100	704
210	101000010	776
211	101101110	808
212	010110111	728
213	101100001	791
214	011000100	737
215	101100111	799
216	100011111	768
217	101011011	788
218	010111000	728
219	100001110	760
220	011100000	742
221	101100100	797
222	011100111	745
223	110001110	828
224	011101101	746
225	010101110	721
226	101101100	805
227	101001001	778
228	100011101	767
229	110001011	821
230	101100000	790
231	110101110	860
232	101101111	808
233	111110001	908

Segmento 10:
Símbolo	Código Huffman	Frecuencia
0	0001	18148
253	0000	18028
254	1101	26256
255	1100	26244
1	10000	12168
2	00100	9045
252	01101	11856
3	111011	7446
4	100010	6087
5	001100	4945
248	001011	4905
249	010101	5768
250	111010	7348
251	111111	8991
6	1111100	4103
7	1110011	3538
8	1010011	3133
9	0011100	2670
10	0010101	2438
243	0010100	2424
244	0011010	2634
245	1011011	3237
246	1110010	3488
247	1111010	3973
11	11110111	2065
12	11100011	1746
13	10110011	1607
14	01010011	1437
239	00110111	1344
240	10101000	1567
241	11100000	1708
242	11110010	1946
15	111110110	1174
16	111110101	1148
17	111101101	1041
18	111100011	951
19	111100000	873
20	111000101	868
21	111000010	854
22	101111110	847
23	101000001	779
24	101100001	800
25	011101000	744
26	011110110	752
27	011111010	754
28	101101001	804
29	100011011	762
30	101100100	803
31	101110111	819
32	111000011	864
33	010000010	694
34	010100001	717
35	101011011	793
36	100100001	766
37	101011100	793
38	011101010	746
39	010110001	720
40	001111101	691
41	010000011	694
42	011100010	738
43	101110011	812
44	001110101	676
45	010001000	700
46	010001001	700
47	001110110	676
48	011100100	741
49	101011111	799
50	100111010	777
51	011001010	735
52	011100011	740
53	001110100	673
54	100101001	768
55	011110010	750
56	011110100	751
57	010110110	724
58	101000010	779
59	011101001	745
60	100110000	773
61	011101110	747
62	011100101	741
63	011000111	733
64	100110001	773
65	011110011	750
66	010010010	706
67	010000110	696
68	101001010	783
69	100110110	776
70	100111011	777
71	011000000	728
72	011000001	730
73	101100101	803
74	001111001	684
75	101010010	784
76	100011101	763
77	100011001	760
78	101001000	782
79	010001100	702
80	010100010	717
81	101111100	834
82	101011101	793
83	011000010	730
84	100100010	766
85	010100011	717
86	100101010	769
87	011110111	752
88	010110101	722
89	101010011	784
90	100110010	775
91	011111100	755
92	101000110	781
93	010100101	718
94	001111010	684
95	010001010	701
96	101000100	780
97	100111100	777
98	101101011	807
99	101001001	782
100	100011100	762
101	010010101	711
102	100101011	769
103	011111110	757
104	101100000	799
105	001101100	652
106	100110011	775
107	101100010	800
108	100100011	766
109	101101000	803
110	100110111	776
111	010100000	715
112	100101100	769
113	100100100	766
114	010001110	704
115	001111110	691
116	010111011	726
117	011101011	746
118	011001011	735
119	010000111	698
120	011001000	734
121	101011010	791
122	101100011	800
123	010110111	724
124	010111100	726
125	100111101	777
126	010000100	694
127	010110000	718
128	101010111	787
129	100111110	777
130	100011000	759
131	100011110	763
132	011000101	732
133	010000001	693
134	001101101	670
135	101110000	807
136	101011000	788
137	010011000	712
138	010000101	695
139	101111000	823
140	010011110	714
141	100110100	775
142	101111101	839
143	011001110	736
144	010010110	711
145	001111111	692
146	101110100	815
147	011000110	732
148	100011111	763
149	011111111	758
150	101111011	832
151	100111111	778
152	001110111	680
153	011001100	735
154	100111000	776
155	010100100	717
156	101111001	826
157	011001111	737
158	010110100	721
159	010001111	704
160	011101100	746
161	101010110	786
162	101000000	778
163	101011001	790
164	100101111	772
165	101110010	811
166	011100000	737
167	100100110	767
168	101001011	783
169	010011010	713
170	010011011	713
171	010001101	702
172	001111000	680
173	100011010	761
174	010010011	708
175	100101101	770
176	010010000	704
177	011001101	735
178	010111101	726
179	010110010	720
180	010111001	725
181	011001001	734
182	010011001	712
183	011110101	751
184	100100101	766
185	101011110	798
186	011110000	749
187	010111110	726
188	101010100	784
189	101110110	818
190	011111011	754
191	011000100	731
192	010110011	720
193	011100110	742
194	100101110	771
195	101000111	781
196	010011100	713
197	100111001	776
198	100100111	767
199	101010101	785
200	011110001	749
201	010111000	724
202	101000011	779
203	101000101	780
204	101110001	810
205	010010001	704
206	001111011	688
207	010111111	727
208	101101010	804
209	011111000	752
210	011111001	752
211	011000011	730
212	001111100	690
213	101110101	817
214	010001011	701
215	011111101	756
216	010111010	725
217	011101111	747
218	010000000	692
219	011101101	746
220	100110101	775
221	011100111	743
222	010010111	711
223	010011111	714
224	010011101	713
225	111000100	866
226	100100000	763
227	011100001	737
228	100101000	767
229	101111111	848
230	010010100	709
231	101111010	828
232	111100001	902
233	111100010	932
234	111100111	983
235	111101100	987
236	111100110	967
237	111110100	1084
238	111110111	1199

Segmento 11:
Símbolo	Código Huffman	Frecuencia
0	11011	14070
1	10111	12852
2	01000	11091
3	00011	9211
249	00001	8203
250	00101	10243
251	10001	12120
252	11001	13782
253	11100	14910
254	11111	15948
255	11101	15528
4	111100	7754
5	101010	6296
6	010010	5612
7	001000	4562
246	000001	4143
247	001110	5376
248	110100	6905
8	1111011	3905
9	1001011	3075
10	0011001	2598
11	0001010	2207
12	0000000	1984
243	0001011	2243
244	0011000	2478
245	1011010	3203
13	11000110	1661
14	00110111	1346
15	00100111	1255
16	00100110	1194
17	00100101	1188
18	00010000	1028
19	00010001	1050
232	00000010	1007
233	00000011	1011
234	00010010	1059
235	00010011	1096
236	00100100	1170
237	00110100	1284
238	00111100	1351
239	01101100	1475
240	11000100	1637
241	11010110	1743
242	11110101	1973
20	111101000	942
21	110101110	919
22	111101001	978
23	110101111	925
24	110001111	833
25	110101001	847
26	101100100	797
27	101011001	787
28	101011100	788
29	011101101	745
30	100110011	770
31	010011100	703
32	010100100	709
33	011010100	736
34	011101001	744
35	101001000	784
36	100000000	754
37	010100101	709
38	011110101	748
39	100001100	760
40	001111010	673
41	100001101	760
42	001101011	665
43	011000010	726
44	010101010	714
45	010110001	720
46	100110100	770
47	001111011	684
48	010110010	720
49	010110110	722
50	100000101	756
51	010101111	719
52	101101111	805
53	101001100	785
54	011100101	743
55	011001010	731
56	010110011	721
57	011010111	738
58	100111010	775
59	011110000	746
60	101000000	778
61	011111100	751
62	011011100	739
63	011111000	749
64	011011111	740
65	011100100	742
66	010101100	717
67	011100110	743
68	110000010	810
69	011110110	748
70	100111011	775
71	100000110	757
72	101000110	781
73	010110111	722
74	011101010	744
75	110000110	813
76	011000011	726
77	010111000	722
78	101000101	780
79	101011010	787
80	100101000	765
81	100110101	770
82	100001110	760
83	001101010	662
84	011001011	731
85	101100000	793
86	010100000	707
87	101000111	781
88	100000111	757
89	100001001	758
90	010111111	725
91	100111001	773
92	110000001	809
93	011000000	725
94	100110001	769
95	101001101	785
96	011100111	743
97	011101000	743
98	100001010	758
99	011010000	734
100	010101011	715
101	110000100	811
102	011110011	747
103	011111001	749
104	011010101	737
105	011001110	733
106	101001110	785
107	010011110	706
108	100100110	764
109	110001010	816
110	101100011	795
111	100111100	775
112	100110000	768
113	101001001	784
114	010101101	717
115	100001111	760
116	010110100	721
117	010011000	699
118	100111101	776
119	100101011	767
120	100001011	758
121	101000001	778
122	010011001	699
123	101000010	778
124	001101100	667
125	010100110	710
126	100101001	765
127	100111000	772
128	101000011	778
129	100100000	761
130	011001000	730
131	010111101	724
132	101000100	778
133	011101011	744
134	101101110	804
135	011010011	735
136	010011010	699
137	011101110	745
138	010111100	723
139	011100010	741
140	011000110	728
141	010110101	721
142	110001011	823
143	010100111	710
144	010100001	708
145	100101010	765
146	010101110	717
147	101001010	784
148	011010001	734
149	010110000	719
150	101011110	790
151	010100010	708
152	101101101	802
153	110000011	810
154	110101011	863
155	010101001	713
156	010011011	699
157	101001011	784
158	001111101	695
159	011000001	725
160	100001000	757
161	011111010	749
162	100000001	754
163	101100111	800
164	011110001	746
165	011011010	738
166	011111110	752
167	100111110	777
168	001101101	668
169	110101010	851
170	011100011	741
171	011000100	727
172	011000101	727
173	011011011	738
174	100000100	755
175	001111111	697
176	010011101	704
177	110000000	807
178	010111001	722
179	100100101	763
180	011111011	750
181	010011111	706
182	100100001	761
183	010111110	724
184	011001100	732
185	011000111	728
186	001111100	693
187	011110100	747
188	100110111	771
189	101011111	790
190	100110110	770
191	101001111	785
192	101101100	800
193	011001001	730
194	011110111	748
195	011101100	744
196	101011011	787
197	011111111	753
198	100000010	754
199	011110010	746
200	101100110	798
201	101011101	788
202	100100100	762
203	011100000	740
204	011111101	751
205	011011101	739
206	100000011	754
207	011010110	737
208	011101111	745
209	010111010	722
210	011010010	734
211	100100111	764
212	011001111	733
213	011100001	740
214	110000101	812
215	101100001	793
216	100110010	769
217	010101000	710
218	010100011	708
219	001111110	695
220	010111011	722
221	011001101	732
222	100100010	761
223	011011110	739
224	100111111	777
225	101011000	785
226	101100010	794
227	110000111	813
228	101100101	797
229	100100011	761
230	110001110	831
231	110101000	840

Segmento 12:
Símbolo	Código Huffman	Frecuencia
0	11011	13854
1	10011	12251
2	00111	10695
3	00011	9390
250	00001	9158
251	00110	10569
252	01111	11908
253	11001	13622
254	11100	14406
255	11101	14609
4	111101	7599
5	101110	6473
6	010001	5548
7	001000	4926
8	000000	4183
245	000001	4297
246	001001	5045
247	011100	5924
248	110001	6722
249	111110	8008
9	1111000	3514
10	1001001	3051
11	0010110	2608
12	0001000	2163
241	0001010	2343
242	0010101	2596
243	0101000	2819
244	1101010	3457
13	11111101	1994
14	11010110	1736
15	10100101	1550
16	01001000	1392
17	00010110	1260
18	00010010	1083
235	00010011	1155
236	00101000	1270
237	00010111	1263
238	01011101	1436
239	11010010	1703
240	11110011	1855
19	111111101	1019
20	111111110	1061
21	111100100	908
22	111100101	916
23	101100011	796
24	110100010	843
25	110101110	864
26	101111010	816
27	101001100	775
28	011011110	739
29	110000100	828
30	100101000	763
31	101100100	796
32	011001010	729
33	110000000	827
34	101010101	785
35	100000000	745
36	001011110	682
37	100001111	751
38	010011011	702
39	011001111	734
40	100011101	756
41	010000001	687
42	100010001	752
43	011010011	735
44	010111001	718
45	010010011	698
46	010110011	716
47	010010100	698
48	011010111	736
49	010000010	689
50	010111110	721
51	100010101	753
52	011101101	744
53	011101000	742
54	010011000	701
55	101001101	776
56	101000111	773
57	010000011	691
58	010100110	709
59	011101010	743
60	010101000	711
61	011000110	726
62	001011100	676
63	100011000	754
64	100101001	763
65	011011001	737
66	010011001	701
67	010111101	719
68	010101110	714
69	001010010	639
70	100001011	749
71	101001110	776
72	101101110	812
73	010011010	701
74	101101101	811
75	101111111	826
76	100000001	745
77	011010000	734
78	011011010	737
79	100010110	753
80	100000100	746
81	100101010	763
82	101010010	781
83	010101111	715
84	100000101	747
85	011011011	737
86	110000001	827
87	001010011	664
88	010110000	715
89	110000111	833
90	101010110	785
91	010000111	696
92	010011101	704
93	101101111	812
94	101011001	787
95	101010100	784
96	011101110	744
97	101000000	767
98	100011001	754
99	100011010	755
100	100010010	752
101	100100010	761
102	010010010	697
103	100010111	753
104	101100101	797
105	100001000	748
106	101000110	771
107	101000010	768
108	010110100	716
109	101001000	773
110	011001101	733
111	010101010	713
112	010011111	706
113	011011100	737
114	101101011	808
115	101111101	825
116	100101110	766
117	101011000	786
118	101010001	778
119	010000100	692
120	101111011	817
121	101011011	788
122	100011111	758
123	010011100	703
124	011000111	726
125	100101111	766
126	101011110	792
127	100010011	752
128	101100110	798
129	011101001	742
130	011010100	735
131	010110001	715
132	010000101	695
133	010100100	706
134	100001001	748
135	100100000	760
136	010010101	698
137	101001111	777
138	100001100	749
139	011000001	724
140	010110010	715
141	100000010	745
142	101011111	792
143	101011101	790
144	010010111	700
145	011000010	725
146	101011100	789
147	011010001	734
148	011001011	731
149	010110101	716
150	100010100	752
151	100010000	751
152	101101010	804
153	011011111	741
154	100001010	748
155	001011101	677
156	101000100	770
157	100000110	747
158	010111100	718
159	010111000	717
160	101101100	808
161	100000011	745
162	011010010	734
163	100011011	755
164	101101001	803
165	011001100	732
166	011010101	735
167	101101000	802
168	011000011	725
169	011101011	743
170	100100001	760
171	010111111	723
172	011010110	735
173	010110110	716
174	101000001	767
175	101000011	768
176	101111000	814
177	100011110	757
178	010000000	685
179	010010110	699
180	011000000	723
181	101010000	777
182	100001101	749
183	101100111	800
184	100001110	749
185	101100000	793
186	101010111	785
187	001011111	682
188	010101001	711
189	110100000	834
190	101010011	783
191	011101111	744
192	100101100	764
193	011001110	733
194	110000010	827
195	101100001	794
196	101100010	795
197	010011110	705
198	011000100	725
199	101000101	770
200	100101101	765
201	010101011	713
202	100000111	747
203	010100101	707
204	010000110	695
205	100101011	763
206	011011101	737
207	011001000	727
208	010101100	713
209	100011100	755
210	101011010	787
211	010110111	716
212	110100001	837
213	011001001	728
214	010101101	713
215	101001001	773
216	110000011	827
217	110100011	852
218	101111001	815
219	101111100	817
220	011011000	736
221	011101100	743
222	110000101	828
223	010100111	709
224	011000101	725
225	100100011	762
226	110000110	828
227	110100110	857
228	101111110	825
229	110101111	879
230	110100111	858
231	111111000	930
232	111111001	965
233	111111100	997
234	111111111	1079

Segmento 13:
Símbolo	Código Huffman	Frecuencia
0	10101	12681
1	01110	11932
2	00101	10678
3	00011	9543
4	00000	8686
249	00010	9523
250	00111	10924
251	10000	12047
252	10111	12829
253	11010	13285
254	11100	13882
255	11101	13970
5	111101	7860
6	110011	6532
7	001101	5403
8	000010	4398
246	001001	5197
247	110001	6511
248	111110	7951
9	1111000	3582
10	0101001	2861
243	0000111	2317
244	1001011	3058
245	1111110	4102
11	11111111	2152
12	11110010	1914
13	10100111	1580
14	00110000	1339
15	00100001	1190
16	00001100	1052
237	00001101	1136
238	00100000	1171
239	00110011	1363
240	00100010	1303
241	10100000	1555
242	11110011	1957
17	111111101	1011
18	110111011	843
19	110000000	801
20	110000110	811
21	110111100	859
22	110111001	839
23	110110001	823
24	011110000	748
25	110110010	823
26	010111101	729
27	010101000	716
28	100010001	755
29	101101000	795
30	100111110	776
31	010110010	725
32	101100000	791
33	110000111	811
34	011110100	749
35	100011101	760
36	011010101	741
37	101000111	784
38	011000010	733
39	010101010	720
40	011010111	745
41	011000111	735
42	100011000	758
43	011010000	738
44	100010101	757
45	010101111	724
46	110010011	813
47	010010000	701
48	010011101	712
49	011110101	749
50	100101010	765
51	100110101	770
52	010000111	692
53	011000000	732
54	011011001	746
55	100101011	765
56	010101011	720
57	010011110	714
58	010110011	725
59	100110110	770
60	011001000	735
61	010110100	725
62	100011110	760
63	010111000	726
64	010110101	725
65	100100001	761
66	011001010	737
67	010010100	707
68	100100010	761
69	101001000	785
70	010001100	696
71	010000110	690
72	100110001	767
73	001000110	668
74	101000011	779
75	010010111	710
76	011011110	747
77	011111011	752
78	110010101	820
79	010000010	689
80	100011001	758
81	010110110	725
82	100011010	758
83	010011111	714
84	010100001	715
85	010001000	692
86	010001101	698
87	101100100	793
88	011010100	740
89	110010110	820
90	101101010	796
91	011110110	749
92	100110111	772
93	110110101	828
94	100011011	758
95	010011000	710
96	010011001	710
97	010000000	680
98	011000011	733
99	101001101	789
100	110000101	807
101	011000101	734
102	110110110	828
103	011111101	753
104	001000111	668
105	011110111	750
106	100111011	775
107	010111001	726
108	100111000	772
109	100110010	768
110	010111010	726
111	011010010	739
112	011011010	746
113	101000101	781
114	100111100	775
115	010010010	706
116	101100101	793
117	100011111	760
118	101100011	792
119	100100110	762
120	011001011	737
121	011110001	748
122	110010001	812
123	011011011	746
124	010101001	716
125	011010011	739
126	011001001	735
127	100010011	756
128	100111111	776
129	011011000	745
130	011011100	746
131	100100111	762
132	100100011	761
133	010110111	725
134	010000001	685
135	110000001	804
136	110010111	822
137	101001001	786
138	011110010	748
139	011001100	737
140	010100000	714
141	010101110	721
142	101100111	794
143	010111111	731
144	101001100	788
145	100010110	757
146	100111101	775
147	011000100	733
148	010110000	724
149	110111010	841
150	011011101	746
151	100101000	762
152	010001001	692
153	001100100	676
154	011110011	748
155	100110011	768
156	010011010	710
157	010010101	707
158	100010111	757
159	110111000	836
160	101100110	793
161	010001110	698
162	100101001	763
163	010010011	706
164	110110111	833
165	011111100	752
166	101101101	798
167	011111111	754
168	101101011	797
169	101100001	791
170	010100010	715
171	011011111	747
172	101101001	795
173	101101110	799
174	100110100	768
175	100100100	761
176	011010110	741
177	110110000	822
178	101101111	800
179	100010010	755
180	100111001	773
181	010001010	693
182	100011100	759
183	110010100	815
184	010111011	726
185	100010000	754
186	010000011	689
187	101000110	782
188	010101100	720
189	011010001	738
190	011000110	734
191	011111000	751
192	010001111	699
193	011111001	751
194	011000001	732
195	011111110	753
196	101001010	786
197	010010001	701
198	011001101	737
199	100010100	756
200	010011011	710
201	010001011	694
202	010111100	728
203	100100000	760
204	101000100	780
205	110110011	824
206	011001110	737
207	010111110	729
208	001100010	673
209	001100011	674
210	010011100	711
211	110010000	811
212	101001011	787
213	101100010	791
214	010000100	689
215	011001111	737
216	100100101	761
217	110000010	804
218	010100011	715
219	010101101	720
220	010110001	724
221	100110000	765
222	001100101	677
223	101101100	797
224	110110100	827
225	101000010	778
226	011111010	751
227	110000100	806
228	110010010	812
229	010000101	689
230	010010110	708
231	110000011	805
232	100111010	774
233	110111110	887
234	110111101	869
235	110111111	925
236	111111100	991

Segmento 14:
Símbolo	Código Huffman	Frecuencia
0	11011	14188
1	11000	13218
2	01011	11466
3	00101	10222
4	00000	8224
249	00010	8694
250	00110	10484
251	01111	11866
252	11010	13720
253	11101	15026
254	11111	15652
255	11110	15328
5	101111	6634
6	010011	5688
7	000111	4712
246	000011	4302
247	001111	5528
248	111000	7226
8	1110010	3778
9	1000000	2980
10	0010001	2442
11	0001100	2172
243	0001101	2202
244	0011101	2750
245	1100101	3360
12	11001111	1774
13	11001000	1650
14	00100111	1362
15	00100000	1152
16	00001010	1074
17	00001000	962
236	00001001	1002
237	00001011	1094
238	00100001	1276
239	01000000	1378
240	01010001	1420
241	10110000	1590
242	11100111	1936
18	110011001	842
19	101011011	792
20	111001100	918
21	100010100	754
22	101100101	800
23	110011100	856
24	100111001	772
25	110010010	836
26	101110110	822
27	011011010	736
28	100101100	768
29	011010001	730
30	100111111	774
31	011010010	730
32	101010101	788
33	101010001	786
34	101011111	796
35	100110000	770
36	010100100	712
37	101010010	786
38	100011011	758
39	010000010	694
40	101101101	806
41	010000100	696
42	100010101	754
43	010000110	698
44	100011100	758
45	100100010	762
46	010001010	700
47	011010011	730
48	001001001	660
49	101110010	812
50	101000100	776
51	100001110	752
52	100011101	758
53	101000111	778
54	101100011	798
55	101011100	794
56	011010100	732
57	011000100	724
58	010101111	720
59	110010011	838
60	101011101	794
61	101100110	800
62	001110010	688
63	100110001	770
64	010001101	704
65	100001100	750
66	100101101	768
67	011000001	722
68	101001000	778
69	101101111	808
70	010010100	708
71	011010111	734
72	011000101	724
73	010000111	698
74	011100010	740
75	010001011	700
76	101101011	804
77	101110111	824
78	101000000	774
79	011011000	734
80	011001101	728
81	010100111	714
82	101100111	802
83	011100011	740
84	011011101	738
85	010100101	712
86	100101110	768
87	100100011	762
88	100011010	756
89	010000011	694
90	011101011	744
91	011011110	738
92	101001111	784
93	010010010	706
94	100001010	748
95	100110010	770
96	010001000	698
97	010010111	710
98	100111010	772
99	101011000	790
100	101000001	774
101	101000101	776
102	011001110	728
103	101000010	774
104	101010110	788
105	010101011	716
106	010001110	704
107	011000010	722
108	011000011	722
109	011011111	738
110	011011001	734
111	100101111	768
112	011001000	726
113	100110011	770
114	001110001	686
115	010001100	702
116	100100110	764
117	101110011	814
118	101110001	810
119	101001110	782
120	001001000	632
121	100110100	770
122	011100100	740
123	100111011	772
124	100110101	770
125	011100000	738
126	001001011	670
127	100011110	758
128	001001010	666
129	100000110	746
130	011100111	742
131	011001111	728
132	011101100	744
133	011000000	720
134	100100100	762
135	100100101	762
136	100001011	748
137	011001001	726
138	101100010	796
139	010101100	716
140	101010000	784
141	011101000	742
142	100101011	766
143	010101101	716
144	010101110	716
145	100100111	764
146	101110100	814
147	010101000	714
148	011011011	736
149	010000101	696
150	100110110	770
151	011101001	742
152	101110000	808
153	100001101	750
154	100001111	752
155	100010000	752
156	011000110	724
157	011010101	732
158	011101101	744
159	100000111	746
160	011000111	724
161	001110000	680
162	100010110	754
163	011010110	732
164	011101010	742
165	101001011	780
166	011101110	744
167	100010001	752
168	101101110	806
169	011100101	740
170	001001100	670
171	100111100	772
172	100110111	770
173	100111101	772
174	100010111	754
175	010100110	712
176	100001000	746
177	011100001	738
178	101001100	780
179	100101000	764
180	101001101	780
181	010010011	706
182	101101000	802
183	011001010	726
184	101001001	778
185	010001111	704
186	100100000	760
187	001110011	690
188	100111110	772
189	010100000	710
190	011001011	726
191	101011001	790
192	011011100	736
193	011101111	744
194	010101001	714
195	100101001	764
196	010101010	714
197	010010101	708
198	001001101	674
199	010010000	704
200	011010000	728
201	011001100	726
202	101011110	794
203	100100001	760
204	101010011	786
205	100111000	770
206	101101100	804
207	100011000	754
208	101010111	788
209	100000100	744
210	101100100	798
211	100001001	746
212	101000110	776
213	101010100	786
214	100000101	744
215	010100001	710
216	101110101	818
217	010010001	704
218	101001010	778
219	010010110	708
220	010001001	698
221	101101001	802
222	011100110	740
223	100010010	752
224	101000011	774
225	100101010	764
226	101101010	802
227	101011010	790
228	100010011	752
229	110011101	910
230	100011001	754
231	100011111	758
232	110011000	838
233	110011010	842
234	110011011	844
235	111001101	958

Segmento 15:
Símbolo	Código Huffman	Frecuencia
0	11101	15316
1	11010	13840
2	10000	12022
3	00100	9886
4	00001	8126
249	00010	8565
250	00111	10745
251	10001	12032
252	11001	13661
253	11100	15089
254	11110	15422
255	11111	15792
5	101111	6630
6	001011	5207
7	000110	4320
246	000111	4567
247	010101	5726
248	110001	6862
8	1101110	3549
9	0100101	2838
10	0010101	2427
11	0000010	2016
242	0000000	1922
243	0010100	2345
244	0100010	2800
245	1101100	3429
12	11011011	1746
13	01101000	1473
14	00110001	1311
15	00000111	1105
17	00000010	961
237	00000011	966
238	00000110	1088
239	00110000	1274
240	00110011	1345
241	11000011	1697
16	110111111	950
18	110111101	892
19	110110100	847
20	100111101	765
21	101110110	826
22	101110101	825
23	101010111	786
24	101101110	806
25	100100001	753
26	011111000	750
27	100100101	754
28	100111001	764
29	100111111	766
30	010100000	714
31	101101100	804
32	100110011	760
33	100110110	762
34	011111001	750
35	001101010	682
36	101000010	768
37	100110010	759
38	011100100	744
39	011000110	731
40	010011101	713
41	100101111	758
42	001101000	677
43	011001011	735
44	011100001	743
45	001101111	691
46	011111010	750
47	011101111	747
48	010011110	713
49	011100101	744
50	101011111	797
51	011000000	727
52	110000011	837
53	001101001	678
54	010000110	701
55	101010001	783
56	001101101	690
57	101011110	796
58	010110111	721
59	010011010	711
60	010100101	717
61	100100010	753
62	011111111	752
63	001101110	690
64	011010011	738
65	101100001	798
66	011011001	740
67	011101000	745
68	100101011	757
69	101100101	801
70	011000111	731
71	001100100	660
72	011011010	740
73	010100001	714
74	011110000	747
75	101101111	806
76	011010100	738
77	011010111	739
78	100101100	757
79	010000010	696
80	011011000	739
81	011001100	735
82	010110100	720
83	101000111	772
84	011100010	743
85	101001101	777
86	101001001	775
87	100101101	757
88	011111011	750
89	100111010	764
90	001101011	683
91	010001101	703
92	011111101	751
93	011100110	744
94	100100111	755
95	010000001	695
96	010111100	726
97	010000011	697
98	100111011	764
99	110000001	828
100	100110000	758
101	101000011	768
102	011110110	749
103	001101100	689
104	010011111	713
105	011000100	730
106	101000100	768
107	100110111	763
108	101101001	802
109	011100111	744
110	100101001	756
111	101011001	790
112	010100110	717
113	011101101	746
114	010100111	717
115	100111000	763
116	011000001	728
117	011001001	733
118	011101001	745
119	011110001	747
120	110000010	834
121	011011011	740
122	101001100	776
123	011011101	741
124	100100011	753
125	011001101	735
126	010011011	712
127	101101011	803
128	010100010	714
129	010001111	705
130	011101010	745
131	101110011	818
132	010110000	717
133	010111001	723
134	010001110	703
135	010011000	709
136	010110101	720
137	010010000	706
138	101011011	792
139	101100000	797
140	101010011	784
141	011000101	730
142	101100010	798
143	010110001	717
144	010000101	699
145	010110010	718
146	101100100	800
147	011011110	741
148	011001010	734
149	010110011	718
150	101010101	785
151	011110100	748
152	100111100	764
153	011011100	740
154	101001010	775
155	010010010	708
156	101011101	795
157	100110100	760
158	011110101	748
159	101101101	805
160	011101011	745
161	011111100	750
162	101101010	802
163	011010101	738
164	011110010	747
165	100110001	758
166	011001110	735
167	100101110	757
168	101010000	781
169	101001111	779
170	011101100	745
171	010110110	720
172	101110000	806
173	101011000	787
174	100110101	760
175	101110001	815
176	101100110	801
177	101100011	799
178	010011100	712
179	100100000	752
180	011110111	749
181	010111101	726
182	010100100	715
183	101000000	766
184	010111000	722
185	101001000	774
186	010111110	726
187	101001011	775
188	011011111	741
189	101100111	801
190	101101000	801
191	011111110	751
192	010000111	701
193	001100101	666
194	011001111	735
195	011101110	746
196	100111110	765
197	010111010	723
198	100101000	755
199	101000110	770
200	010111111	726
201	010001100	701
202	100100100	753
203	110110101	864
204	011100011	743
205	101010110	785
206	101010100	784
207	100101010	756
208	101000101	768
209	101110010	817
210	110000100	837
211	011010010	737
212	101010010	783
213	110111100	867
214	010010011	708
215	010100011	714
216	101011010	790
217	011100000	742
218	010011001	709
219	110000101	845
220	100100110	754
221	010111011	723
222	101011100	793
223	101000001	767
224	011000010	728
225	011010110	738
226	010010001	706
227	010000000	692
228	101110111	826
229	010000100	697
230	011001000	731
231	101110100	821
232	011110011	747
233	101001110	778
234	011000011	728
235	110000000	826
236	110111110	916

Segmento 16:
Símbolo	Código Huffman	Frecuencia
253	0000	17853
254	0010	19319
255	0001	18748
0	11101	16012
1	11010	13576
2	01000	10525
250	00110	9809
251	10001	12071
252	11100	14740
3	111110	8565
4	110010	6546
5	001111	5054
247	001110	4953
248	101010	6241
249	111100	8006
6	1111011	4291
7	1101101	3656
8	1011110	3215
9	0111011	2944
244	0100100	2566
245	1011010	3181
246	1101111	3829
10	11111111	2437
11	11111110	2353
12	11011101	1981
13	10111001	1604
14	10000011	1499
15	01001010	1271
240	01001100	1329
241	11000100	1622
242	11011001	1715
243	11111100	2082
16	111111010	1115
17	111101001	1021
18	111101000	960
19	101011100	788
20	101011101	788
21	101111101	806
22	110001111	821
23	100100000	754
24	101000100	776
25	101101110	797
26	011010000	719
27	101000101	777
28	101001011	780
29	100110011	766
30	011111110	744
31	010110111	707
32	100101011	761
33	010100010	691
34	100111100	770
35	010110001	704
36	010100011	692
37	101111110	807
38	011101010	735
39	100101010	759
40	110011010	828
41	010111000	707
42	100100001	754
43	011101000	733
44	100001010	751
45	011101011	736
46	011000111	714
47	011011100	727
48	010110100	706
49	100111101	770
50	011011101	727
51	100000011	749
52	100110000	765
53	011110101	741
54	100100100	755
55	101000000	774
56	011011110	727
57	101100101	794
58	011001100	718
59	101011010	785
60	110110000	844
61	011010110	723
62	010100100	693
63	110000010	808
64	101111111	807
65	100111110	770
66	011011010	725
67	010010111	656
68	011110110	741
69	110001010	813
70	101000001	774
71	011001000	715
72	101000011	775
73	101000110	777
74	101101111	797
75	010101010	699
76	011100101	729
77	100100111	757
78	011110010	739
79	101100001	790
80	010111001	707
81	010011010	663
82	110011111	838
83	011000110	713
84	101110110	804
85	100101100	761
86	011110100	740
87	011001101	718
88	101110001	801
89	010111010	707
90	100110001	765
91	010100001	688
92	110011110	834
93	110011000	823
94	100110100	766
95	010111101	708
96	011010001	721
97	100001011	751
98	011000100	712
99	010111110	708
100	011000011	711
101	110000100	809
102	101011110	788
103	100001100	752
104	010110010	704
105	110000101	809
106	100100101	755
107	010011110	686
108	110001011	813
109	011001110	718
110	010011100	678
111	011110111	741
112	011000000	709
113	101001110	781
114	010110101	706
115	011010111	723
116	011000010	710
117	011011000	723
118	011111011	743
119	100110101	767
120	011010010	722
121	101100011	792
122	011111111	745
123	100110111	768
124	101001100	780
125	100101111	764
126	100110010	765
127	100101000	757
128	101000111	777
129	100111001	769
130	100001101	752
131	110000110	810
132	010011011	669
133	101110101	803
134	010101101	702
135	011001010	717
136	011100111	730
137	011100010	728
138	010010110	650
139	110011100	831
140	010101011	699
141	010100110	697
142	101011111	788
143	011111100	743
144	010111011	707
145	101101100	796
146	011011111	727
147	101100100	793
148	100100010	754
149	101100000	788
150	010111111	708
151	010100111	697
152	011001011	717
153	010101110	702
154	011001111	718
155	100000100	749
156	010101100	701
157	011100011	728
158	101011011	787
159	101101101	796
160	110000000	807
161	101001000	778
162	100000101	749
163	010011111	686
164	100101101	761
165	011110011	739
166	010100101	693
167	010110000	703
168	101000010	774
169	011010011	722
170	100101001	757
171	011110000	736
172	011010100	722
173	011111000	741
174	011010101	722
175	110011001	827
176	011100000	727
177	110011101	833
178	100100011	754
179	101110100	801
180	100111010	769
181	110110001	851
182	110001110	815
183	011110001	737
184	100111011	769
185	011011011	726
186	011100001	727
187	101011000	784
188	010100000	687
189	011000001	709
190	100100110	755
191	101001010	779
192	010110011	704
193	100001000	750
194	100111000	768
195	010101000	697
196	110001101	814
197	100101110	762
198	100001001	750
199	100111111	773
200	100001110	752
201	101001001	778
202	101100010	791
203	100110110	767
204	101001101	780
205	100000000	745
206	101110111	804
207	011111101	743
208	110000111	810
209	101001111	781
210	110001100	813
211	011100100	728
212	100000001	745
213	011000101	712
214	101100110	794
215	010101111	702
216	101110000	798
217	100000010	746
218	011011001	724
219	011101001	733
220	010101001	697
221	011001001	715
222	011100110	729
223	010011101	682
224	101100111	794
225	110000011	808
226	011111010	742
227	100001111	752
228	010111100	707
229	110000001	807
230	010110110	706
231	011111001	741
232	101111100	805
233	110111000	872
234	110011011	828
235	101011001	784
236	110111001	906
237	111101010	1034
238	111101011	1042
239	111111011	1141

Segmento 17:
Símbolo	Código Huffman	Frecuencia
0	11100	14312
1	10111	13064
2	01001	11361
3	00100	10056
4	00010	9054
250	00001	9028
251	00110	10251
252	01100	11698
253	11001	13341
254	11011	14083
255	11101	14515
5	111101	7538
6	101000	6206
7	000111	4993
8	000000	4308
246	000001	4333
247	001011	5186
248	011111	5989
249	111100	7274
9	1101011	3642
10	1000010	3012
11	0011100	2575
241	0001101	2249
242	0010100	2461
243	0101010	2864
244	1100010	3289
245	1111100	3746
12	11111111	2135
13	11010100	1781
14	01011111	1460
15	00111010	1358
234	00011000	1063
235	00011001	1180
236	00101010	1254
237	10100110	1557
238	11010000	1670
239	11111011	1911
240	11111110	2034
16	111111011	1034
17	111111001	970
18	111110101	963
19	111110100	925
20	110100100	850
21	110100011	838
22	101011101	790
23	110100110	859
24	100100100	764
25	101011110	790
26	101101101	807
27	101010001	782
28	010001000	706
29	101100111	797
30	101101110	808
31	110000000	809
32	100000011	752
33	100101010	767
34	100011000	759
35	010111011	728
36	011110011	748
37	010100110	717
38	100010011	756
39	010110001	723
40	101100100	795
41	100001111	755
42	100110111	774
43	100111000	774
44	100110010	770
45	001010110	639
46	011110100	748
47	010110010	723
48	100001100	754
49	100011011	761
50	011101011	745
51	101010111	786
52	011010011	732
53	100101011	767
54	010111101	729
55	101010011	783
56	101100000	792
57	010000011	701
58	100010000	755
59	100101001	766
60	010000101	703
61	100011001	760
62	100100010	763
63	010110011	723
64	100110011	772
65	001111110	692
66	110100101	856
67	010000100	702
68	100000000	751
69	010100001	712
70	010100010	713
71	010000010	700
72	100000001	751
73	100000010	751
74	101101111	808
75	011100101	740
76	101101000	798
77	011010100	732
78	101010010	782
79	011011010	735
80	011011001	734
81	011100100	739
82	101001011	778
83	101011000	788
84	011110111	750
85	100100000	762
86	010001011	707
87	100100110	765
88	110001111	831
89	100010111	758
90	100100111	765
91	011011000	733
92	011100110	741
93	010001110	710
94	110000001	811
95	011011100	736
96	110000100	818
97	100010001	755
98	101001000	776
99	001111010	687
100	010001111	710
101	100000110	753
102	010101111	720
103	010110101	724
104	100101110	768
105	101010101	785
106	100000100	752
107	010111010	727
108	011110101	748
109	001111001	686
110	010110100	723
111	101101010	802
112	100111010	775
113	100110101	773
114	101011001	788
115	010100111	717
116	010001101	709
117	011100001	737
118	001010111	665
119	001111000	684
120	110100010	837
121	010100100	715
122	011100111	741
123	011011101	736
124	100100001	762
125	001111100	688
126	100101000	765
127	101001110	780
128	100111011	775
129	011101100	745
130	100110100	772
131	010000110	704
132	010111001	726
133	101101100	806
134	101011010	788
135	110000010	812
136	100000101	752
137	100110110	773
138	100010101	757
139	010110110	724
140	110001110	827
141	011010101	732
142	011010000	730
143	110000101	818
144	011110000	747
145	011101101	745
146	010001001	706
147	001111011	687
148	100011010	760
149	100110000	769
150	100010010	755
151	011010010	731
152	101001111	781
153	011101010	744
154	001110111	682
155	011100010	737
156	010000000	698
157	010000001	698
158	010110111	724
159	101010110	785
160	100011100	761
161	010111100	728
162	011010001	730
163	101010000	781
164	100100101	764
165	100011101	761
166	101100001	792
167	101100011	793
168	011100011	737
169	010000111	705
170	100101100	767
171	110000111	819
172	110001101	822
173	011010110	732
174	011110001	747
175	100111100	775
176	100110001	769
177	010101101	719
178	100010110	757
179	101011011	788
180	011101110	746
181	010110000	720
182	110001100	820
183	001111111	694
184	101100010	792
185	011101000	743
186	011110110	748
187	100101101	767
188	101100110	796
189	100011110	761
190	100001101	754
191	100011111	761
192	011011110	736
193	101010100	784
194	101001001	776
195	011011011	735
196	101100101	795
197	100101111	768
198	100000111	753
199	011011111	736
200	101101011	804
201	011100000	736
202	001111101	689
203	011101111	746
204	100111001	774
205	100111101	775
206	011101001	743
207	010101100	717
208	010001010	706
209	010100101	715
210	100100011	763
211	010101110	719
212	010100011	713
213	100111110	775
214	100010100	756
215	011110010	747
216	010111000	724
217	110000110	818
218	001110110	677
219	100111111	775
220	100001110	754
221	010001100	707
222	011010111	732
223	010100000	711
224	101011111	791
225	101101001	799
226	101011100	788
227	101001010	776
228	110000011	816
229	110101011	908
230	110100111	889
231	110101010	901
232	111111010	991
233	111111000	963

Segmento 18:
Símbolo	Código Huffman	Frecuencia
254	1011	8644
255	1110	11388
0	11000	4408
1	10000	3913
2	00100	3463
3	01011	3765
4	00110	3531
250	00001	3371
251	00111	3587
252	00010	3416
253	01101	3808
5	111110	3192
6	110111	2613
7	100110	2051
247	000110	1713
248	100111	2057
249	110011	2226
8	1111111	1635
9	0010100	876
244	0000010	825
245	1101011	1212
246	1111010	1472
10	11110010	724
11	11010010	560
12	11010100	585
240	00101100	441
241	11001001	550
242	11011011	648
243	11110110	735
13	111111001	391
14	111101110	378
15	111100001	336
16	110110100	323
17	110110101	324
18	110010101	277
19	101011111	273
20	011001100	239
21	110110000	304
22	110010110	277
23	101010010	264
24	101011100	271
25	101000110	259
26	101010011	264
27	010011100	230
28	101001101	263
29	110100111	282
30	011100100	241
32	010000110	225
33	100101000	255
34	010000011	224
35	010101011	234
36	010000111	225
37	101001010	261
38	100010100	249
39	011110010	243
40	000111000	212
41	011111010	245
42	000111111	219
43	101000010	257
44	100101001	255
45	011101001	242
46	010000100	224
47	000000101	206
48	011000100	237
49	011101010	242
51	101000100	258
52	010001100	226
53	100101110	256
55	100010000	247
56	011001101	239
57	011001110	239
58	100100001	253
59	010010001	227
60	010010101	228
61	010010010	227
62	000000111	207
63	011000010	236
64	011111011	245
65	110010001	275
66	010001000	225
67	100010101	249
68	010100110	232
69	001011010	221
70	011100001	240
71	011100101	241
73	001011011	221
74	101010110	265
75	010011101	230
76	010101100	234
77	010011110	230
78	011001111	239
79	001011100	221
80	011110111	244
81	010011111	230
82	000000000	203
83	010001101	226
84	000001100	208
85	100011010	251
86	100010010	248
87	010011000	229
88	010001110	226
89	000000010	204
90	000111011	217
91	010100000	230
92	100101010	255
93	010101111	235
94	101010111	265
95	100100101	254
96	101011101	271
97	010001111	226
98	010010011	227
99	010011001	229
100	011111101	246
101	000000011	204
102	011000101	237
103	000000001	203
105	000111001	213
106	011100110	241
107	010100111	232
108	011110011	243
109	100010110	249
110	011111110	246
111	010000000	222
112	010011010	229
113	010100011	231
114	100100010	253
115	011000110	237
116	010011011	229
117	000000100	204
118	011101011	242
120	010100001	230
121	100010111	249
122	011111111	246
123	011001001	238
124	010001001	225
125	011000111	237
126	010000101	224
127	010100100	231
128	101001110	263
130	011001010	238
131	100011000	250
132	110010000	273
133	000001101	209
134	010101000	232
135	001010100	219
136	011000000	235
137	011101100	242
138	101000111	259
139	010010100	227
140	010010110	228
142	010010111	228
143	000111100	217
144	010101101	234
146	011100000	239
147	001011101	221
148	010101110	234
149	000001110	210
150	000111101	218
151	000111110	218
152	101011010	268
153	010000001	222
154	100011011	251
155	001011110	221
156	011110100	243
157	010001010	225
158	000000110	206
159	011100111	241
160	100100110	254
161	010101001	232
162	100100011	253
163	100011100	251
164	000111010	215
165	100010001	247
166	101011001	267
167	011101101	242
168	011111100	245
169	101001011	262
171	001010110	220
172	011101110	242
173	100011101	251
174	010100010	230
175	110010111	277
176	101011000	266
177	100101011	255
178	011111000	244
179	011000011	236
180	010101010	232
181	101000101	258
182	011110101	243
183	011101111	242
184	011001000	237
185	100011001	250
186	011000001	235
187	011110000	242
188	010010000	226
189	010000010	222
190	000001111	211
191	101001100	262
192	011111001	244
193	011110110	243
194	011101000	241
195	101000011	257
196	010100101	231
197	011100010	240
198	100011110	251
199	110100110	281
200	100101111	256
201	101001000	260
202	100100100	253
203	100010011	248
204	101001111	263
205	100100111	254
206	101011011	268
207	011110001	242
208	110101010	291
209	011100011	240
210	010001011	225
211	001011111	221
212	101000000	256
213	101010000	263
214	101010001	263
215	100011111	251
216	001010101	219
217	101010100	264
218	001010111	220
219	101011110	271
220	110010100	275
221	100101100	255
222	101000001	256
223	110100000	277
224	101010101	264
225	110100010	279
226	110101011	297
227	101001001	260
228	011001011	238
229	110110001	304
230	100100000	251
231	110100011	280
232	100101101	255
233	111100000	327
234	110100001	278
235	110110011	315
236	111100010	339
237	110110010	313
238	111100011	352
239	111100110	360
31	1111110100	202
50	1111011110	191
54	1111011111	193
72	1111110001	196
104	1111001111	188
119	1111110000	194
129	1111110101	202
141	1111110110	202
145	1111001110	185
170	1111110111	202

